19799
20401
22715
30662
27867
21736
19726
296
18155
26716
8455
128
25693
5597
32326
20926
26351000
6012
6311
29471
18048
28144
29975
172
28288
22585
4774
2309
20389
28291
10718
8028
148155900
30291
20164
4751
13769
15996
21164
15092
17542
3521
14502
15077
10062
21717
20334
966
12618
25670
1831
24501
29804
300351000
24836
17167
13565
31606
26092
29911
1377
25427
1151
29407
26948
23544
29407
20243
19952
29791
16302
27354
10047
18629
28357
28921
4597
27566
20009
9908
28754
24617
5946
22581
13544
2389
12334
256501600
20395
13092
8638
10955
28999
6239
5407
25521
6326
2539
28212
8077
7953
6986
22018
308802000
1373
30820
18788
13990
2636
18568
0
27137
1523
17070
16249
16915
22911
22271
28391
8940
19671
4503
32388
15909
1080
6793
30631
13067
12240
30499
18679
31233
22920
28788
8920
7967
17697
17164
30762
4127
5762
31747
30515
378
12880
10045
3801
11982
3264
13035
21525
31363
23209
11349
23460
12462
22750
14808
23552
28981
7610
30250
11150
1333
10492
4326
28441
9120
9685
22596
3199
26923
4928
4135
13738
1895
18066
14942
8130
28461
31826
13347
15009
31296
27466
19688
31880
22574
3550
14932
5648
17015
5533
3464
8803
15345
15638
3494
10155
24427
27629
7060
31691
401
24878
765
24910
10768
22496
23705
28828
10234
23006
26031
8564
17771
13538
28888
2198
24173
17891
21509
7616
24345
3745
30659
7644
27903
18814
27582
23928
16328
28559
9348
8054
27930
25843
18060
17413
11196
16227
8823
25552
20987
23307
18069
11125
4940
12696
18859
2872
16690
10131
13044
3833
4962
17389
9061
29283
15142
1499
9269
17767
17919
19684
16029
13544
5006
1847
16605
19384
25268
6723
21631
16324
14841
14722
18911
8075
12074
8085
15595
29653
21062
23958
30504
10657
16284
13482
13046
22623
7469
11733
9236
14431
1879
25619
26982
23946
12469
13476
19446
2640
14657
18855
28474
12001
187
13034
22165
26784
30799
257
25631
5588
14194
5781
13481
20897
22541
9215
31996
27704
24029
277
19554
13130
11545
22852
22632
7874
21590
24032
13793
13747
11689
29367
9006
16271
6923
2284
18365
5531
25089
7171
3280
10399
27260
1336
29568
3810
25853
6421
3073
11861
7166
17219
29223
22287
29838
5281
29481
25081
25147
30611
16550
10187
21044
32413
21733
25655
20911
304
27745
22883
29577
31427
14469
18333
14636
24614
12212
3403
694
24339
7820
800
19032
15367
24172
26774
12027
16975
21811
29848
4650
31334
8779
24190
19756
6782
7399
29503
16752
25949
1928
2786
18479
27498
7366
29238
17740
25096
22861
7363
24959
1314
10022
13056
12210
14087
20024
20679
16811
21113
19982
2053
28652
25344
1242
31670
22743
14213
18362
10001
23318
795
20539
9471
3898
32
8988
3026
1186
18821
21588
12596
17823
24170
19541
27229
26325
1006
29331
7306
9701
31045
24896
12714
23369
12811
1626
17754
17279
2775
21992
7699
25449
11284
29057
18082
3060
3852
26893
23513
16632
22854
30928
25221
1887
530
26788
14752
24202
30306
28805
31943
26864
11995
18003
27374
2056
27692
14548
9554
28522
3487
31737
23215
29489
13805
2658
12979
5539
12887
16419
3507
6164
22514
4809
27806
4871
19267
2712
5423
22935
26123
24855
18022
11285
12132
26831
4408
32243
6669
8783
10630
21216
32003
8819
17228
30517
31313
11750
20507
6032
18472
11750
12489
31678
4146
25159
12135
26847
22820
29883
21875
28356
11923
20816
29263
9372
31496
26682
26098
6352
18518
15571
990
30763
23083
26080
8785
12350
22246
25366
10688
4355
29352
27613
14465
12736
20654
6995
11976
7470
3806
7572
14036
2267
12191
16953
7530
7117
21998
6174
3715
2152
1967
30313
2626
32146
27200
5831
9768
13076
11604
9465
28299
5443
6143
26512
31812
21473
27661
26100
4777
22590
5016
12203
22971
26274
19674
10456
2208
28399
18495
2
5203
20611
27838
12567
13978
5468
13930
14769
24888
26751
25412
25239
29028
19354
25172
17031
14203
20456
14584
24115
9970
22101
21115
2441
17038
6883
28137
28215
6359
3916
7714
23407
25802
18665
4142
17127
9934
1490
3024
1829
18921
3399
25182
32505
10548
28494
16335
21067
2444
26526
4630
5142
23435
26556
31407
15797
22966
3172
32375
28510
22264
554
26560
6636
20816
7521
3749
30177
7366
10556
31643
27563
15011
12851
6217
20774
12513
20392
25242
8291
30177
12491
22032
2984
17500
28859
32603
4791
27548
30190
28202
32083
28652
24786
31041
24321
3917
19892
2251
2060
32362
28130
23282
1995
29134
15372
30382
9254
18261
20464
16602
27223
25568
5431
26509
15598
6477
27033
6055
792
10407
26184
12458
23840
13465
22668
27340
566
14377
11690
9034
11120
21923
22027
17150
12302
4562
25498
29492
14082
20342
26478
5306
8624
7923
21161
11574
5106
13895
24224
16060
15711
9534
16444
15776
18381
6633
10912
6281
3860
18764
25867
1735
1557
20567
30720
4327
27899
8472
13733
1924
15553
20526
8554
23648
27637
22145
31466
4531
28859
6960
28694
13250
9236
22987
14992
4276
27232
14531
11349
8865
17698
9246
28575
24557
12804
16495
32266
26068
31515
2566
4853
12613
23659
29796
7467
23028
8878
7666
29635
939
10065
27634
21060
31200
19904
8885
24589
10637
26083
19982
18164
27964
6120
3592
7470
24417
15684
7124
9839
9965
19188
6917
12369
29216
12553
2816
3578
5023
21347
27821
30457
30150
32701
28787
19826
22591
1258
16484
3963
3028
20317
15028
30661
8321
12015
12400
4479
14798
10717
31852
17271
32092
272
1662
5763
20413
18850
1769
15135
21384
16285
7708
4695
24237
13830
5277
15848
23047
18458
22336
31650
16176
12247
924
20496
10393
26046
6335
17499
10202
28120
8225
15212
22086
30199
25303
8785
21443
10558
32521
32738
10201
23779
29094
10148
14600
31284
26710
5101
20063
18904
28593
11081
20298
1112
20910
29981
13740
19422
14430
394
26157
29500
26842
2196
25302
13871
10874
1156
3035
18149
11847
19338
25271
21694
2739
27815
894
28752
8072
21450
18543
28845
30239
31034
19401
15848
29138
8243
15329
9429
25779
26836
13680
6161
23679
14649
6193
578
15309
16868
2476
3488
29579
8545
6732
1205
28843
27433
16568
12384
4634
5576
8032
22304
15090
5179
18518
16783
21744
7836
29536
26669
22312
28161
23115
11871
9463
28577
12162
20152
22842
13112
25311
23670
20925
6317
10432
32336
3831
242
30558
18031
15348
1581
28250
19386
29330
32533
23705
26710
4080
20894
22610
16749
11556
22744
7525
31791
4140
25108
9711
17431
10535
1354
12571
1648
28614
23735
11323
1815
13565
24522
12823
12930
15614
25921
5252
20737
13671
4240
9273
32580
23482
11906
10975
4126
26639
17698
19303
15240
4101
23260
15520
16105
13822
14560
4617
21141
6284
11463
1764
6291
5670
3449
32651
26787
22816
1870
13575
7551
32730
29555
16095
18274
5431
16016
28462
26567
27984
8871
13560
6771
14954
14400
30910
20405
28198
8899
10064
31725
15096
23589
24291
24651
18906
25542
29283
20697
30786
21658
14091
7100
12881
9864
20530
30135
15693
7951
28008
4080
1617
13615
11969
15095
18755
27783
9073
15108
9223
27579
5785
12672
27122
21016
7777
16327
19330
4219
8519
18221
9804
18798
17847
27199
4405
31893
32731
13131
30949
329
12724
1058
24697
5250
4458
13084
6776
32250
18912
31069
3593
4239
2444
5719
23651
2537
29574
19600
31364
5470
9950
7077
4902
30226
20531
23440
17647
7267
31105
7462
4328
10884
3131
29667
3376
11367
14746
3306
12274
1761
15668
14152
18068
25097
11728
16761
27953
4833
20601
20525
6730
18488
8657
4684
4792
32462
2472
30263
23013
186
27853
17489
29244
29705
4388
17086
478
15528
2041
18026
12183
13700
4756
21837
19472
1263
13582
15854
6982
4166
27491
18470
21050
21200
13511
25383
7403
7146
26942
29884
16513
30817
3431
11731
11723
19232
6296
2104
6123
22795
24880
20899
25424
19498
9001
26613
229
29194
21741
2751
2440
14688
15979
26116
11710
13040
1641
14912
19877
6573
10780
17832
19754
9762
4854
21172
30843
12560
16063
4059
3264
26969
11751
5277
14598
8476
3099
14279
11131
30242
18198
6899
32481
22905
1978
3918
7229
14942
16735
14238
25807
22625
19307
2947
14407
195
14626
8188
11062
15139
25536
22830
451
10585
23237
26977
17055
7843
11921
16716
30267
12799
18736
21906
26168
20439
18807
23948
28959
3811
5200
28489
18002
19532
4178
7379
7746
21261
16277
30388
17123
4767
11204
6073
31837
10453
22643
7670
13829
17157
12211
13578
28555
6760
7396
5541
20084
4035
18891
7751
25547
10823
12773
26954
31252
32182
32762
1058
32642
15304
27124
11236
24682
29901
32498
13061
26102
19347
7065
29796
27934
8330
30890
30603
2516
30758
2010
10802
27263
8325
4830
21253
4011
23122
20677
8616
11263
2281
25994
32759
16495
11708
32746
2194
18611
13045
2419
18073
3063
18781
7390
8884
26068
23932
13982
8535
7039
26626
21433
22084
4416
7525
29399
12625
29734
16588
11160
2155
11258
7724
20523
731
10609
28592
19741
18888
25765
12895
15214
8701
8134
11769
22762
21229
16909
13345
23222
32500
24306
23233
20010
20704
15775
13739
31710
8880
29860
21372
264
412
28140
454
4869
13141
26352
7278
8501
8333
16682
27730
18700
18618
14029
22831
20582
8983
18355
29379
6683
4332
29335
5422
18644
17680
3716
11422
1053
17580
22669
23595
5051
25921
2495
3072
17727
27629
2388
8892
20443
12778
3881
28184
10869
29271
19059
32457
2042
9531
24749
31656
28149
3015
22741
12304
6496
20955
18135
22919
9657
26828
19274
30881
10841
32613
15194
10530
16898
15147
1285
17763
12471
5861
9099
22775
7120
2652
14367
9869
2125
24416
6883
17688
4971
22539
30739
6190
6517
2634
19840
10158
16093
5272
23617
6822
3979
4109
25253
22900
10357
25496
12908
6955
8048
23689
30518
25144
7493
12370
16699
11333
24072
19342
10301
22877
2981
4674
6843
3665
9916
30051
11624
5723
29103
409
32475
2050
4601
19267
904
12605
23489
23483
19951
3803
31662
987
10003
21282
29438
14272
2862
16311
6610
22477
24227
22206
7116
2803
28468
10049
8924
3632
5493
14550
9303
7510
2688
23164
1098
22798
17899
22727
781
19996
30711
24381
10523
485
29706
2303
9504
10286
8032
25772
20564
26150
14333
28546
19720
18087
2022
19398
29566
17337
22672
13926
254
2392
15001
32734
15654
21879
30134
3160
2434
6468
13549
7959
3933
16302
17156
29973
32726
15652
27449
29419
6710
19616
21043
27122
27776
32229
23353
14504
586
30981
28066
19029
30156
6949
11916
14830
5943
20612
721
7225
7752
20410
27959
13618
6684
6718
7399
7342
4934
26155
16417
5694
5151
21828
28461
8278
2909
7477
17301
32430
15591
1308
28561
17385
13544
23623
27075
7797
28962
20031
292
27826
13446
14342
27967
23638
14593
25246
11933
6416
13208
18122
21376
20075
24247
15897
29908
246
32454
17695
32610
674
5374
13062
7495
1643
13435
2630
21412
5946
11666
18096
10392
30218
868
19633
25963
9034
24499
24021
18700
6019
30965
13962
16062
28475
7847
14631
27918
3609
24548
18988
12552
32074
54
16843
22954
2338
11948
5800
14233
25095
13101
9694
21779
17547
1547
15426
27173
27864
1499
17643
24862
22865
16261
16626
32579
8310
31895
27766
1476
24072
3039
13539
24303
31598
30776
25716
11172
22360
8612
9975
17673
4258
27803
19409
1662
30843
31651
26945
29652
28614
10017
17641
4025
13248
10095
9610
30327
24036
9518
29199
4319
6924
9182
16845
29567
24024
31404
16905
15900
4179
20362
5306
3932
2260
18565
3217
24770
17955
26451
27191
24287
14045
17196
32470
4551
4122
5340
22490
27075
30540
18709
22521
1093
875
3337
24944
15649
22863
2360
30096
24569
26461
16007
28026
3577
1125
14739
12327
11205
30155
4164
2475
27568
8421
23973
1978
18479
27557
12275
32619
653
4216
7412
8252
31200
26989
28809
14422
28219
30362
10631
3603
1061
9148
14531
29374
7242
4381
13932
29338
21361
25531
414
17957
16046
24742
32307
26781
14297
22442
25821
30660
20030
8494
22898
16609
12182
13148
15238
7943
7479
4738
25919
3737
16775
8376
19557
6670
31158
4292
14777
1010
26541
58
2696
21037
24641
31976
12415
7816
2477
31088
25537
20589
15935
30007
15159
9198
1873
23422
7975
8714
17531
24015
18953
28203
21255
19867
19350
3314
18853
14625
16929
2103
7264
20369
15914
5196
15569
20594
1073
6786
2707
2625
8392
19695
10231
11355
748
10094
1784
28701
4245
486
17009
23881
27020
6096
6029
11691
19581
10483
4991
5117
21069
6002
18804
27145
29613
9993
9414
2573
3312
16788
11123
22371
21529
25809
17613
14945
30009
7526
22643
4991
18680
13094
22911
27063
22897
27280
4609
22578
10563
32664
17069
32544
28900
15787
27344
31720
17977
22765
19593
11393
25188
27845
309
16927
31198
17307
12843
26387
23237
19424
18858
31724
17783
24143
12303
12259
13151
14707
26955
30838
15
22122
9877
11346
10383
31464
8284
17782
5365
11391
19584
3734
8246
26909
17601
16317
21052
18646
29048
20023
57
27875
19589
29614
18234
24555
20616
12435
5375
19330
26708
19904
13066
9968
29344
8539
2038
17203
11776
6909
778
22599
8468
23315
26126
30628
21247
22917
24925
2057
26651
24470
13884
11896
30444
22796
21354
18561
10578
16528
8185
23492
32258
11095
26715
7858
15926
14338
8640
32403
31652
25795
30624
18125
10925
4290
22419
19811
11480
11455
28521
18620
24446
24312
20855
12966
711
7757
13103
23706
3285
2210
31220
6466
15678
30853
2604
7992
1216
7696
3222
2321
5424
7953
7645
5786
11700
617
7278
4961
30514
27314
2183
1655
1288
25637
10897
3957
19966
18874
29616
5309
12664
1424
19608
9986
23793
12432
18082
15883
9636
21838
25375
12979
10892
23087
25836
6709
21135
22225
24647
26278
31479
22695
31968
28867
27169
23268
7731
20205
23161
30107
26134
7538
12710
2084
17806
7182
14337
25281
4071
17586
25676
13185
17412
16259
4001
14949
32755
22566
9640
2242
21188
22587
9485
20454
24732
27431
1073
766
3333
28439
20000
20536
8072
22338
3012
13604
5758
878
19800
12896
7203
12469
26654
25204
20972
26505
15445
30715
26139
2806
5990
26372
10128
27943
1630
15799
3042
3372
11424
28732
23470
25082
29404
7128
31023
22195
8763
1369
29967
23592
16348
22197
25981
13213
15492
24558
13184
22220
19601
24376
21131
8492
31792
5214
5713
7794
21456
9058
6874
8792
8407
2660
29399
3486
13971
11972
4147
25679
15219
17803
6890
6470
22135
6919
10782
13040
20709
32182
4968
11604
62
20582
17516
15696
3184
1945
23216
22821
26189
5678
28078
10806
572
3390
16167
19468
11054
29509
17851
31902
468
5762
17847
8655
31760
24224
27694
18489
30889
24981
8267
32553
15170
16331
32485
13802
25741
2941
13396
32327
15036
16229
10371
22603
22072
2196
12615
27467
1686
26529
16111
20519
967
27909
14109
20684
16270
5318
29140
16637
27447
1363
3281
21588
1415
13743
2335
5507
1263
16082
26342
25312
29188
23629
13188
5153
1588
24620
15838
11619
8881
7712
25848
17266
13234
4574
13508
30020
21467
17602
17720
7878
17401
14008
4003
10460
2803
20060
11841
6818
20990
5216
14861
20473
20751
15918
15062
31039
24470
19407
23957
18525
32105
15628
25854
28423
26622
8659
2133
21055
4062
2524
13443
5915
598
6027
25449
27849
7024
14873
32116
14288
5154
21231
31090
664
16580
19026
11940
22317
5063
22341
3348
26176
14501
32427
12328
8047
23316
3501
32632
7878
28287
4955
20957
4997
2486
7574
18122
1059
10981
15661
18912
5012
30659
5446
29884
11208
19979
31232
17172
12660
14384
25174
19714
9492
6733
12615
31647
21809
11098
6707
27604
1503
3750
9353
29549
12683
8577
4767
31855
18163
20793
12257
10924
2166
3401
18990
32660
28814
10700
23167
28750
16283
17976
8394
8712
5858
3144
14118
16523
17621
23354
24623
8978
9877
13115
5292
13148
17077
29984
5231
19200
321
19030
32381
31489
9470
18716
13423
29090
27124
10479
3352
29307
27946
6982
6760
5325
16817
7296
1680
15379
22243
20763
19559
32473
5101
17190
20237
28625
19595
5113
5326
32036
29459
30243
10569
23046
11189
932
27345
9869
9473
17501
18195
18883
22953
30916
11001
12794
8073
31964
10703
28511
10212
22373
8101
23762
21745
18767
21236
19189
2198
29045
22916
24963
20595
22664
17548
10980
4898
31049
22556
32254
8893
6396
20920
14925
22689
1049
581
2614
7794
836
16170
8088
2144
7295
28335
7845
25768
29855
13224
10992
25693
25852
31832
19142
16744
6509
30864
5314
1486
19060
15127
23452
22577
26549
2638
19522
29082
18093
9236
12842
8309
10656
30952
21990
31965
13011
8781
10745
12826
6140
6259
14825
360
10743
27411
3989
25082
1210
411
713
25151
31627
9867
10000
11876
5489
25119
19401
24602
11752
26670
17021
31641
3544
7506
24432
15845
4296
30537
26742
8272
10831
15515
26120
13632
24524
26493
2711
16946
2647
12278
9248
15103
29944
320
19457
606
11030
24177
18699
5035
2866
31323
22488
31207
29141
1712
19807
14335
4294
32362
18373
1617
18049
28521
24951
2412
2533
1886
6773
26135
15917
26601
27633
22166
801
1534
14872
9512
21901
6285
6192
12244
5107
23138
4835
22885
15229
9034
29914
2996
28981
7287
14734
12069
11128
5157
8795
15220
4008
13438
8663
17842
22562
8635
4449
12170
22128
17293
25853
23497
26047
15803
20831
3102
24979
23564
6213
19485
29881
30055
28426
3466
21630
2617
13176
22997
15390
8727
25311
15585
15487
11429
1891
19721
13343
27062
3994
29797
843
7348
17495
24393
20627
3907
20672
13327
29050
10017
4263
30743
19314
4944
6423
17931
16647
21624
12076
14696
32602
9351
8488
13114
16337
410
13764
23591
21005
24608
9668
1966
540
18492
21454
23729
12016
25196
13948
26417
9488
14185
10416
30554
4494
10062
5160
29119
8505
23547
10834
29926
8211
15036
8033
30727
11526
6438
7072
18193
21970
14658
22278
32750
12106
20718
4875
29960
15808
8319
26299
6412
16830
23723
4361
22510
15607
28583
17765
301
17276
21900
9873
10072
27955
6143
25520
6353
31622
11537
11168
21969
1880
15716
27273
10156
19261
5520
1462
15702
24042
18116
2468
28966
28906
15025
32345
7131
26515
16035
22007
6365
23097
18929
10641
24517
22945
920
14397
22302
1720
19235
23659
17517
21125
18638
27509
32112
31325
18666
13175
16036
5206
26243
2912
19209
16382
18753
10569
14633
20300
31372
13062
4439
31702
5619
15611
8501
31813
22735
11057
10361
3590
21795
10410
17136
18243
19399
10481
13251
17682
29126
10228
30201
2540
9476
7190
13885
8288
21540
20097
6625
22024
7592
3513
30500
8893
27226
28279
25264
4103
1771
3764
13927
13527
219
3844
30047
6521
19096
13861
12587
6084
27370
29400
21597
2964
15246
12271
30280
26490
31522
11944
7179
433
13889
23353
2763
11604
19438
20396
3903
29647
4406
30957
24178
660
22545
4642
29636
8463
23946
27194
4146
17115
25375
10185
16088
2614
30571
32531
692
20146
12802
3686
4525
31790
26269
21678
16596
24069
4983
30275
1513
10885
3830
17413
12833
25251
14478
14507
18982
23020
12515
24664
8032
31423
23853
24175
3699
6842
14817
1449
1801
29554
16526
13925
16593
4967
25860
30527
16840
23351
28092
31715
6583
23313
11124
3620
30460
9325
21530
3400
30862
25594
1259
30630
24892
22488
12252
12916
4149
30216
30777
986
25293
22305
17036
29514
25470
14660
31680
1044
27181
12113
23430
32309
4527
20571
9720
14704
9868
31578
12412
7841
29443
800
11756
21325
3150
22159
1524
17277
1319
30984
15291
32205
10634
24358
10181
5568
10173
941
2328
86
19086
18621
12701
7905
10460
31052
20938
27668
28248
32467
10110
32605
8589
8006
5164
23157
2846
22346
24124
13621
8783
9379
8622
15275
8903
21739
13313
29293
12181
11402
32595
13613
10096
31202
6345
910
3651
26826
5681
4150
12265
10814
26342
17956
24628
17492
13300
14404
31797
7794
2941
12097
4279
7615
23388
18843
18957
26071
32519
25081
4366
4547
25786
12224
31069
31016
3538
21988
25838
21950
28279
21503
197
23812
28797
3488
32513
8755
7564
23525
12826
21616
13439
23884
28007
11589
11787
30662
20195
9042
29857
16653
22064
13632
21397
16696
27868
24823
24959
17293
17380
6929
27106
10646
10870
23182
6667
29815
16891
3273
30012
30846
13141
1450
21514
28412
18789
16414
29444
23123
5329
708
21653
28753
32004
15594
31276
32444
25206
12215
14489
32302
13869
14249
11195
18211
10884
19011
3416
7505
24875
31743
29516
1336
14959
8842
14566
6137
10683
26416
6031
18795
13151
23957
12972
21612
30609
29351
6854
16757
28337
18384
3048
15218
15058
20080
27465
9936
12917
14218
18475
11991
2199
3006
25603
15674
13807
32631
1498
4076
1905
22373
7411
24886
30230
28974
30382
22023
11231
17504
2988
9867
23064
28587
10292
13566
17626
9805
29654
1731
10195
4557
7246
21424
22601
31724
10155
8109
18525
21721
12720
4733
20365
27044
6266
475
23677
24309
23651
25033
29687
17406
14119
3877
8496
20910
11845
10365
15181
10791
9384
26916
9253
11379
12167
14981
25673
12402
12938
28600
18498
16151
1838
24403
25369
6868
13162
20355
6685
11347
29587
26715
7648
10087
7037
8299
29827
31810
4835
22421
31027
26856
28936
5148
29940
16100
31647
5630
13469
12601
3304
13444
16420
16027
9501
14871
5916
3039
11020
12885
5756
17073
8197
24164
27554
18565
19190
17286
14488
25040
7893
2030
19861
5495
24638
4563
7111
25735
20062
7362
17743
10792
21263
14648
28302
14284
32324
27248
13471
428
20648
22138
27940
28533
6530
15501
4934
9534
27612
9630
1527
22718
28388
817
31610
1724
3474
12400
20006
7366
18827
2426
1639
27430
13638
3325
17925
29458
22893
15367
30889
25891
2438
11289
28061
25609
27602
32638
16083
24444
14453
14298
10537
7029
29656
5894
14827
14239
10316
539
30105
19208
25328
6861
23531
26653
30676
763
27923
7381
20830
32387
5186
17196
20205
26459
7021
13779
30397
10206
3153
15654
32523
12131
8885
18526
29305
5396
13295
18184
29619
23806
12201
14006
25683
4964
7653
14580
29442
12889
15935
17789
21728
1422
11378
19631
11815
104
11806
24125
28171
14933
3529
10276
8676
1377
10019
25056
910
21252
2190
30687
18192
23358
19933
2870
27517
14822
6236
6547
4888
30272
18449
24946
9915
10445
23106
22164
18554
13159
4408
15021
22915
16269
18754
11870
5960
30459
7932
20066
5089
10877
19152
12556
3499
23302
21950
22513
27190
22780
2905
27106
22622
28119
19730
18717
23991
17386
10937
22979
21295
128
25665
3213
5358
17451
14532
443
27009
1369
9926
22606
25656
31016
446
32119
18124
32380
211
4175
9797
16206
10979
11720
22299
31815
17353
14564
25756
13965
7904
29477
6029
11229
31427
31044
20500
22746
19031
30758
14038
30116
3852
11787
2396
8365
10335
3081
1467
11208
15524
3001
14708
16259
7938
3376
14233
18615
22207
20784
31281
25693
11197
25504
29406
15779
23621
2618
3773
4672
24580
2948
12686
20740
23635
25089
27669
1715
11708
12200
29119
3347
10937
1429
4489
12356
958
21503
13854
15952
25722
5738
12607
13571
14939
4125
22120
509
17488
11479
10417
2309
20434
22974
8178
25760
18213
27288
18730
5346
29915
24381
17954
4229
8347
7500
28749
27704
26912
29214
8947
3129
32644
28920
28814
5158
10175
389
18293
2321
8811
12931
18871
22994
25546
9404
23626
16801
15369
8760
12645
14564
21702
13745
21034
26693
10193
22087
27528
21000
21295
31605
25184
9627
28261
11588
29414
29039
17651
25790
24395
9991
6686
20646
29081
9551
23026
21094
21726
15662
23432
18249
2444
25694
6277
29162
31008
2684
32227
6125
27906
17499
14836
10220
27820
16798
11171
31668
18191
16518
22270
2738
19250
29704
753
8360
29725
4131
25684
27812
3061
28784
31273
31795
2664
3323
32542
30418
12876
12625
5210
11685
12930
10714
2421
21356
20001
23401
26056
28850
20432
30994
5864
26695
19572
19516
26733
8177
30988
17142
10488
8543
6104
14479
8308
18270
16577
11360
15259
19280
2293
23277
4284
18137
19922
27949
8636
32219
9989
12837
32604
1189
17395
5820
12729
5735
14424
20426
2585
12265
31789
27250
16868
17021
8912
14002
2801
4915
3423
16440
29955
6731
7268
18807
19604
30448
9400
31995
22225
19235
11169
18681
3813
5109
11838
6443
18554
20985
30757
25306
23421
5625
19786
14141
15650
17896
27427
20481
10793
11800
9481
18985
18015
12973
8162
792
21863
13650
28925
19436
28858
810
9277
26382
24301
24329
28026
1031
28723
31717
2340
11670
1058
31623
4137
24063
7354
17798
17177
11685
8867
19062
4233
20443
16054
1885
23221
20984
27839
23910
16489
20649
11137
4570
27937
6028
28155
2635
13423
24314
12778
6419
31901
7204
24463
28157
15507
5985
22194
32577
4348
15558
19687
32438
11429
23288
24848
12099
10277
17470
2083
11926
29891
1498
14126
1817
30356
10650
28312
7714
2532
13738
2729
21099
30679
24236
32076
24257
7760
8202
21780
21760
20242
11915
13694
17726
10790
31013
9334
25927
30588
11283
20764
19530
17365
27175
14279
5841
17631
12384
18250
1782
18594
6079
27511
29908
13340
26967
8418
9021
21800
14500
30184
19627
2981
30749
7407
31864
3539
15372
29678
2129
19456
8094
9521
15848
14181
54
17750
6377
28747
775
4764
5424
8050
6370
14685
28985
32434
29772
16856
29911
21731
9684
2868
4137
26875
21156
30658
26314
12406
14677
11907
6985
15611
30984
5610
28377
11580
20146
27618
2377
9502
15543
7955
32054
4378
20667
19809
23679
14562
31668
2998
28921
25928
12356
23298
28004
7516
15175
28288
10910
16085
2728
10042
17687
30131
22136
26831
11909
22306
24641
11124
2009
9120
15511
28473
22385
29794
23281
29838
28559
22516
16311
24069
6410
8737
9372
8025
22083
29458
29486
23984
21083
14778
19883
9501
20643
13681
6679
5993
12372
15070
17291
30739
22657
16411
9680
14741
8265
29716
22317
28649
1873
25904
17532
19532
21106
31540
21379
1602
24750
18532
32642
21978
19561
30187
9225
25395
11477
20348
27148
20287
2991
12858
2873
14791
25385
25301
24457
26799
14375
3830
26902
29820
9389
32222
21036
7699
26264
13386
4514
12739
18061
3993
10603
7046
27440
7216
13160
4228
27798
11038
12416
29145
15356
27388
19955
19608
13241
2071
5355
6928
25457
6098
14421
11086
27788
21317
29934
20195
742
25898
14241
14311
26056
20218
32272
10045
25880
10579
9585
20505
18124
17309
7067
5312
8356
26349
9824
143
31257
16425
13598
9023
19089
13678
28817
12647
10196
10926
31979
3650
14531
31134
8743
8883
16456
8399
20122
9606
21641
28186
10187
14585
5729
10306
7556
379
32016
31701
13097
6579
2609
12115
29513
1988
31213
25234
16755
6096
17263
23905
32331
16315
32151
12652
12764
28721
31731
13152
12336
30442
14315
3919
27678
22060
23099
31829
27748
13714
30887
21372
5878
20493
23529
3549
18069
808
25071
28168
24226
25488
20547
22694
20789
31443
10955
8285
19306
4712
25266
18676
31739
12272
29094
1464
10260
9915
13636
30494
610
25230
7888
27561
30830
20387
2858
10254
27177
1010
22269
31383
32711
3503
826
7621
4561
2836
32197
11833
22390
28512
25198
14292
20259
6432
18466
7710
5459
7597
28258
25572
7591
28150
24309
5670
569
14463
22490
24112
23854
11434
4481
32518
24714
822
13627
16901
8264
28677
6126
5832
17067
24866
3341
27209
2767
12034
26055
31048
29059
8714
28799
8689
16475
29010
3197
30905
25344
7849
9699
9353
25291
21465
11746
17950
16530
9516
25389
28336
8386
23854
32430
27089
32174
13749
6265
24217
21543
8735
22782
3072
32333
3803
19074
9355
12452
14891
24272
3371
19819
2599
32043
866
553
1030
11400
28327
25480
18585
11770
24844
31590
14872
7022
2846
32042
12065
24216
9996
5204
22270
5165
7948
345
13095
12115
29435
30893
18951
29014
8515
30753
30467
2460
5890
1647
31673
29147
27497
4371
13957
23177
27234
23645
8778
15252
12917
14789
879
23892
27116
30846
26151
28094
20277
17486
20982
30170
10377
26268
22129
17271
22219
7627
21829
6941
4019
32454
11642
17987
811
5340
11257
20930
28665
13263
25932
4234
27551
12327
23718
13971
24959
29132
7203
8215
3395
5332
8784
6399
29820
3226
18670
14491
9097
32016
2291
9621
12731
15958
16338
22056
20663
16011
23036
8333
27419
13795
1703
12214
5732
24825
22734
12351
23567
13671
31097
18850
7678
17557
20286
14250
6686
16590
16136
6186
20807
22681
27159
16622
21859
23622
3400
12786
17107
25031
26007
30674
26894
23233
15842
4738
26251
20707
2544
13375
15330
15479
12977
27845
6702
10550
30663
5315
28853
7521
2630
3468
32203
30477
17592
10511
26355
13247
9317
19977
7240
22072
26577
11385
2843
24210
30341
5717
25566
2188
30226
20603
30528
17443
12372
28650
28314
7266
12020
5938
25482
122
12336
10281
6877
8981
22751
15840
26291
25576
18351
725
29661
30599
28082
14186
1674
16766
20505
31894
27171
5277
5951
14043
6259
19859
3817
7544
23563
31679
31692
18911
29157
3138
27215
23401
28231
11097
23187
841
26858
20458
28080
3263
13404
9564
30786
13710
9379
18348
7717
27311
10531
1469
23420
15687
15810
7664
7928
9175
30537
10485
22871
23474
12045
9953
9770
32437
4560
25216
29148
8498
5602
7916
16624
3117
7307
17246
31882
26571
17070
31045
26673
27143
9382
28821
9427
23975
6516
15970
25865
5486
10524
2477
13981
8084
16972
31358
1354
19827
29503
7987
15042
25475
10721
15383
8182
1416
16180
14646
25489
13066
20978
8816
27077
26630
13428
28109
18763
13795
29138
31760
6565
26791
11852
1935
30375
3179
26344
30017
23861
26381
21597
15385
17742
14884
30000
22162
7498
24889
797
29324
2655
8244
22456
21334
4714
13844
1108
6668
4844
2019
8484
26659
10579
30697
6048
4162
28796
15649
27690
18771
14197
20201
19186
6107
5511
14589
23575
24966
32628
27558
8975
24327
16893
23599
27976
24606
1447
2457
5135
5626
16319
14736
5554
22466
13468
413
18913
5487
28452
28828
13658
27868
20882
27761
16582
5408
9078
6135
22237
5147
16636
21817
11729
29263
20338
14309
16362
24817
6917
31741
14189
1600
459
21712
20931
25622
4103
10281
32215
3261
12712
2502
14784
6659
7442
2827
29600
6801
23329
13048
29132
27000
4203
12889
1581
9229
27590
10300
4326
12791
24075
2728
5686
4998
32537
1932
27552
27207
17436
29174
16458
28629
27407
3973
1188
20209
16255
23073
30025
4821
7314
2537
19754
8390
20553
31597
25321
28649
17410
17950
13699
29527
3649
5891
11314
27251
20911
9133
3474
2940
3427
18796
29186
15454
16993
11459
13645
19918
4704
27930
11146
27797
15313
16563
7488
15660
5916
3295
20174
21898
31021
20082
5898
2362
7983
26228
18729
15280
1943
7961
30175
11485
23653
31987
18374
29697
21158
12391
32516
7361
9022
15198
20521
6777
228
7996
10838
1491
12142
10006
10404
22681
8271
8736
12995
7111
14430
8804
4322
15333
8921
5050
30415
30611
21929
16116
19040
7270
10983
3417
10513
1522
13216
8277
28910
4904
10197
4462
20660
1507
6086
28282
9011
189
17009
17935
6646
5927
13653
22588
31526
9145
6523
16246
30380
22726
20919
9685
22166
16180
20012
23169
3772
6026
14606
23399
28579
20811
24748
10032
161
3203
685
27507
17730
22943
23705
25385
29163
11137
9628
31074
21437
12244
21895
1079
28604
413
23832
11264
7473
27155
13179
21191
8013
9137
23824
4092
526
21385
20335
5225
15975
11483
22186
2665
27035
29414
24530
18005
29674
19710
19644
23360
14959
8415
13572
26596
28745
26433
14419
12251
8953
11949
17886
21779
24075
16526
32047
17788
12793
7307
3112
12547
8780
15892
11845
7108
16132
24635
12577
24699
27962
13254
8764
14140
8964
15234
2555
5221
6809
17114
22512
29648
16565
8871
25692
25677
25151
18506
10994
26447
23850
13049
8926
30949
22681
23382
22534
21484
18502
14662
10640
18052
16164
23552
20900
10944
21827
18532
6771
22434
9460
4495
25720
7750
9007
24492
25085
10077
22321
22796
11234
17629
13673
8570
5018
3063
8597
25544
22134
19274
23593
6574
5670
12630
24304
1493
14973
14131
27893
5166
8308
9090
22948
5256
14962
14757
19245
866
1482
26923
31785
21757
31109
4494
16512
30390
21091
11809
20874
31379
24604
32324
9588
8476
14315
32218
21990
13676
28749
16893
23010
28551
18951
3568
5872
20718
27238
13396
3448
12145
2762
6303
9327
25157
16742
25803
22581
17750
18241
18251
20670
1758
24448
19779
8945
29495
17384
11512
16717
13038
15007
5254
24530
12056
14642
20689
20255
4073
14556
24765
4824
2434
8198
18594
14154
27403
25866
14842
10834
9218
20028
25437
7034
13266
29483
31920
10086
14248
25380
25497
21103
2690
5368
23605
5773
11145
1023
18958
2170
24224
7773
30023
22548
15165
26756
12314
12292
7543
31227
28805
14493
11617
14173
12863
16902
28823
28068
13553
22940
6678
12967
27299
20114
3153
12002
10868
27098
16769
13430
31631
23881
3644
18288
3162
11766
29257
31566
10737
7651
27571
18880
19410
22751
28
18091
2010
26794
28756
21875
624
13403
18986
17274
12032
3839
19586
27620
29867
6531
20904
18590
2876
31700
13284
5278
9310
14660
24655
25452
13581
9264
3044
20961
29515
13535
16090
13358
23572
18350
10802
25889
21907
1642
31628
6820
16790
254
9022
25479
5184
14670
16551
12927
17149
9826
10433
6766
8123
29383
15094
8164
29784
31282
30773
17382
29270
19047
4164
11247
19158
11097
22872
2869
708
29331
26083
12589
22351
9686
11437
24913
18076
12548
30502
22561
4283
13116
2555
8552
17626
10055
15335
9152
11960
27443
28364
1368
14429
27453
7938
19957
5129
29685
31982
27191
17002
28572
17623
29726
18705
4817
18678
25804
11559
15469
25036
5005
1628
3243
14521
9748
15905
30604
8393
22024
20247
22137
29137
12223
6343
15658
6587
11849
7059
5576
22558
22704
12524
18510
22546
17534
5062
28981
7234
8576
19785
27472
28994
13002
22986
12533
23075
22779
6649
22621
11077
4546
25692
12109
18285
4257
19196
14838
13079
21745
26974
6427
29198
24871
20148
7025
25401
30549
22613
32331
3768
32500
4203
8566
6704
30688
25835
12898
22370
7844
19147
4739
8451
9720
8559
31991
31175
10632
27236
12137
8640
15863
10576
6709
5606
16932
41
23501
11767
21932
23462
2907
19585
6320
17395
5800
21820
6360
9641
14140
23966
3991
9981
17095
19370
21937
23864
23231
22281
12283
30311
16203
8283
22882
11091
18784
21199
28207
3507
20521
1009
7306
1697
32173
17860
15932
6475
22188
7953
16313
15851
31177
24062
30813
26873
23023
30946
22518
4766
30701
29016
3459
21101
24419
28051
2875
25422
27362
31729
3025
9146
4943
13522
31991
26158
20104
11946
29473
9689
16714
30805
2699
29592
18515
3499
22909
12069
7363
31317
22478
24716
6088
7903
24487
17886
22906
19469
11145
26920
22276
10355
30097
21158
5125
5184
7163
11061
2870
32603
28390
25351
2636
26033
2902
12442
1312
26061
26495
31723
9229
9641
29761
2535
4505
31171
30703
31778
19288
628
1620
30923
31246
13181
14840
3808
5396
31203
4767
10910
21757
29694
7443
11836
14712
28620
18467
728
9848
9099
2796
13746
23699
21638
16471
30104
20648
24623
23523
1185
9925
23406
23461
29214
21576
15417
7053
12494
11588
16741
28138
23889
24870
3259
7472
18655
10904
9039
15097
7226
13989
18445
24651
9953
1822
25749
17177
11911
21565
29769
17676
21187
12681
9635
24451
22793
31225
9677
4312
29913
18268
19051
12005
24630
30968
3515
17094
22618
3442
4321
20961
21160
21486
6268
14372
32226
14454
14205
30606
25500
12192
7225
8433
15857
1387
13245
14838
21876
4971
5985
17505
31593
8742
30880
19094
29750
31165
32550
5468
26132
26063
19755
28386
8202
12442
7680
5888
19740
22883
13031
19646
26560
2584
552
4378
401
4149
23649
1798
13127
23780
31774
5297
18663
20584
13225
10759
32311
21691
11556
20603
24437
2934
28884
26628
8776
4850
9664
13669
2807
9901
16507
9650
12761
7919
5182
27408
15629
5037
31289
22204
25194
9901
811
5199
17849
14571
26417
10816
1826
3900
10203
25514
5605
10801
6277
1871
6987
21822
16613
32734
4571
12571
19936
22897
23760
15723
1186
14426
29643
9628
27629
11551
30406
21774
8113
2499
15945
5751
734
7239
15328
17030
17270
29297
16076
16838
25830
2764
28921
26054
17558
5872
8240
23927
19647
13059
10126
18645
18813
13952
3381
12233
5157
567
10305
24654
2264
28566
25342
30676
31320
17702
27992
7137
6171
21592
29586
9726
31390
9346
11579
18129
18940
20261
22622
25735
12991
29041
29946
14453
7414
22283
21681
28670
22920
16909
21188
21687
14791
29775
18495
16329
17736
24037
4209
23703
499
5352
12703
32417
598
31354
32250
3752
11838
12548
16589
21268
31113
18370
19451
6034
32054
16258
31145
30721
9918
19624
30264
21135
29095
31350
26230
9503
24406
5002
15893
23023
8485
29608
23132
18295
10421
9914
13596
26516
4742
30997
17382
2533
7876
23806
22395
1397
11364
18797
3972
11675
27248
30225
13955
3615
13215
6291
6666
12958
18473
1823
13099
32048
23001
25633
13103
20551
7780
14156
18570
4059
23545
6113
12303
15812
9241
19502
26209
13671
12457
597
3498
19092
5958
1614
23439
20399
18136
6447
9059
18190
874
19883
20634
17315
21561
3545
25985
15579
6154
11831
21037
22981
13249
12783
14257
30583
3888
9305
27541
28334
21549
11200
20355
23732
9191
14697
20802
29575
13946
31441
9961
5431
6336
28727
6988
16016
31850
19546
32443
1273
20048
388
4076
11164
1798
8135
28981
5063
27056
26759
32254
3218
9495
15161
5239
17859
2812
16233
10118
27118
20908
28674
11524
9185
5076
27594
15400
4927
663
12076
28739
29802
32222
6970
25518
32678
1775
28146
22273
17276
16706
4032
22662
32349
30095
23109
32750
15240
19244
15447
4674
14126
11158
24393
8732
19923
1102
12652
22
31479
23270
31189
3971
10998
26459
22881
21341
25645
10405
23799
18303
2910
10125
1293
23060
18261
23487
26222
6480
18380
26400
18490
26974
29581
7009
25390
22169
16854
32213
9765
22526
17153
15743
9183
5601
7268
20336
3586
2272
31607
9552
24926
1302
17460
12858
10101
1425
32452
12749
28987
19461
18519
25983
28442
10433
19284
15413
19001
32483
690
6161
8958
22728
19621
9867
22738
8391
4222
32452
32548
21023
31692
31254
9136
13869
6856
31472
18945
483
20464
5601
16436
26485
28401
20722
12544
28757
32458
27961
5875
13154
26415
28331
29950
15197
3371
22066
30772
12700
8970
16896
26319
8450
12150
26658
116
25902
4064
8024
13240
6643
31266
27172
19682
7944
16738
14369
498
1025
25145
20886
32739
28798
6676
8523
23854
23715
3547
20635
5519
11720
17361
27083
29451
2929
29884
29850
2098
128
30789
16665
8098
15529
20641
21693
17612
2599
6513
11699
18939
19373
24039
20595
28562
5792
6699
21400
4244
15747
27645
24047
30826
24243
13979
19150
17889
19284
15845
26791
32627
23179
31935
1500
15559
31981
15031
16341
2427
9272
9448
18513
25888
21313
28189
5369
1158
27182
14906
11579
14394
741
22744
2645
7246
29125
4912
15792
30040
16019
4410
20848
24253
10679
6678
5961
11824
4520
13226
22932
12405
19621
25997
8866
9067
19110
8995
3664
4425
5010
8458
23003
28968
30130
6581
9718
12482
30822
17751
7962
2937
26390
2307
30
21147
2156
8465
8967
2788
21952
19139
5153
836
18132
12585
23375
18659
1474
8513
28575
7267
7986
18787
2337
19557
720
2012
17658
6478
26622
3290
20404
1611
27333
21384
2520
15250
29970
13945
23231
24043
18463
9034
9637
32623
14895
12675
5375
3472
31870
8383
12302
24666
32120
525
28341
20217
15145
4245
16264
28026
6645
32127
13349
22486
5001
13072
18375
11820
21009
21270
29720
9806
2987
29831
2119
22143
12828
25701
30299
7547
19139
28132
2759
19384
715
28111
16958
29164
21412
13608
12744
30927
19379
32527
13590
26146
20296
32228
22290
29424
26065
17328
10427
22292
26446
2497
31280
28155
7685
7061
10762
6315
12407
26874
32495
260
26514
882
16229
8774
9512
2780
31715
15060
7840
19793
16174
2872
12268
7757
6371
1638
23227
10511
13903
22341
17903
16962
32135
24427
20817
31964
24245
4904
4483
1607
20401
22215
18487
3519
9681
16656
11423
15099
16897
26386
6180
30735
17174
5407
27483
4753
12895
6423
16181
30714
24189
490
13942
4432
22645
30808
872
514
18180
5371
30160
19988
1075
22408
9505
11131
14634
9042
2800
715
27721
25871
8616
25359
13685
17887
23423
27896
3248
3978
1448
31035
26349
9737
27594
32308
5410
14921
20402
30927
6558
6699
2373
23720
26525
16847
25272
20337
16666
4626
1283
13205
9956
20565
2194
17946
3828
21377
32318
21452
21758
583
1149
18840
6470
1709
15573
9270
437
23238
13719
779
4396
4800
7113
25165
2328
2085
18788
16488
2375
19034
960
12960
25082
30828
32332
11512
19515
26635
30082
339
31856
15831
30234
23002
17201
23259
9342
12957
12375
17239
6271
5757
27733
25283
8518
9033
15308
20752
1421
6439
24921
32049
5135
31030
20914
24794
6204
30577
28145
8584
1842
17367
14383
17089
30953
28361
13909
19869
16813
27827
30511
4485
16338
31982
28098
25147
12707
30693
5856
30490
10139
18551
7417
20384
26328
5277
28212
16681
20428
22861
30910
4605
7478
32158
354
17805
3920
8492
18523
32250
22346
10686
28774
5847
22264
21542
23579
23856
2248
19561
30076
2251
9206
4384
5071
23213
20739
9758
29609
1248
611
23123
30028
16244
17782
9456
5426
11972
8121
24012
21226
32507
19518
21767
31267
22742
27993
3565
519
5035
1693
8477
30410
18602
21254
2538
8578
11107
19320
25345
25145
19336
29032
22092
28736
9204
12761
17431
29895
6893
29835
25970
13227
22438
11119
28118
13967
4360
30301
28683
11822
14770
12041
2632
32239
11583
28980
7581
9659
17095
29471
5262
32267
26792
16965
32001
31301
11654
14409
31066
25928
23184
15406
19684
19525
773
9158
1907
3026
11511
18797
5191
13113
30544
10743
12340
12822
24850
7910
2816
1057
5603
2272
6157
20296
25544
32353
21047
10241
15921
21166
30464
28638
29238
2314
31979
609
28704
2091
18725
9235
20011
8687
26730
26576
26762
17228
20263
32357
17068
24709
25820
9309
3518
29092
24261
8727
30833
4900
11705
4636
11261
7918
850
25008
6758
20871
12878
16295
509
20359
28213
28026
18987
8013
11836
9882
7530
27377
14186
4612
25748
7802
4601
29206
1888
13905
28159
1697
5673
20982
15182
21823
16626
24306
30872
19431
16296
28685
32215
29118
4006
5312
17899
6704
10879
17645
31621
20032
6647
13518
19781
24604
3410
9516
19743
23797
21458
977
24323
20749
24699
28735
31421
4626
15129
30882
17690
938
644
8964
17484
2639
25635
5824
13199
8285
11439
31289
14861
16745
22073
22731
2303
8149
14191
9474
9494
22689
14363
11018
24345
6532
12012
1895
16335
27964
19577
30182
27423
8738
14211
3284
15990
32513
15994
14445
11881
14888
16963
2711
10140
26302
15929
13009
30434
19542
4466
12902
31909
23747
27971
8422
12169
15406
3334
5334
12876
3942
6938
1191
241
1142
26412
13285
31005
18813
20917
177
16833
26042
4292
9585
22009
10471
12798
17094
14132
9416
32227
17855
2710
25859
8275
32332
9626
22834
14928
31221
19964
9527
16645
30411
12502
19407
19975
671
21769
26475
17628
6771
3294
25915
29114
24110
10989
30347
1424
11412
32318
11346
4939
15220
22959
28936
29266
35
10901
21689
10834
31786
25254
24408
19521
16956
14615
23893
23709
18283
1793
23153
13045
21659
17161
16082
29355
11318
24640
16978
248
14369
5192
10781
7216
21487
18617
1147
30792
1877
15298
22250
1173
17630
5140
29296
16086
224
27643
25135
14197
13487
6094
10298
11018
8720
11146
15527
21793
27377
954
742
24637
20823
21914
10577
5917
13207
2683
9987
15165
6345
27241
19438
9376
24954
23052
5928
3789
28833
12236
18310
14104
24788
25656
23148
12322
6588
8617
27875
3747
22983
30498
13036
21351
2076
12923
30997
13975
25300
9663
25673
14394
23911
23506
25580
6651
17252
87
2600
9773
29542
32464
16001
26636
17987
7431
32432
14662
30342
5294
8622
18618
7200
28738
20751
32383
4186
12085
11409
24872
19982
30027
19445
24646
8727
18757
4877
10287
16390
9917
3095
25342
3862
26449
15433
2779
17251
18179
9901
12669
5974
2016
28975
24812
14692
30944
24565
31116
16888
25614
6894
12631
17837
10216
29102
6250
22465
9
4473
18115
4295
16645
24989
5961
28059
2965
31237
5132
6811
15092
26636
30671
32532
4744
13711
26820
7419
28357
26182
20630
6366
32079
24404
30124
32281
16478
27932
14765
4941
24935
23383
8511
21262
5881
21347
2325
23772
8677
29918
11304
29269
9633
23668
24388
21672
24558
3317
9671
5709
953
28331
934
13556
15167
22762
12464
4027
5493
23016
4375
3491
25255
12495
5932
2117
17503
11793
29290
20161
29832
28156
12214
21752
2003
8590
12005
25339
12122
22922
4479
22722
15748
1995
1730
23074
29224
10969
6378
30457
20981
22458
24496
9132
3345
5643
15377
5587
14592
16975
336
22834
25032
27270
12094
12524
13906
22786
8633
6387
21524
16758
22899
31683
30189
17488
16885
28752
2640
15432
6371
5180
29861
2617
23169
22094
32236
21296
22390
17696
14500
25795
22480
13847
23531
13221
28489
22680
23014
10359
26312
2425
13667
12000
24363
31414
23229
15071
4420
870
0
14432
20257
11245
20558
6414
10897
19058
26242
29801
25827
17300
23314
28184
3057
17240
26938
22144
26718
614
28503
14741
8475
27510
20113
20464
14384
13573
28092
1571
17593
17228
25472
3657
3630
26226
3000
12257
27880
18689
3097
18908
5089
8855
3092
15092
10172
734
9213
9280
18181
18621
18284
14853
26553
6608
12004
5840
11785
28182
1202
17601
8283
1002
22808
28970
23698
20533
8619
32345
12943
16097
18426
26545
18423
22417
2928
11264
10551
6799
14972
12812
27590
10757
1774
23407
17834
4977
31141
14757
15934
19795
18791
6500
23602
15656
6416
22571
29907
22940
24815
14366
141
15612
1901
9745
6318
15338
27887
9699
620
21588
28414
22797
27434
2215
9894
21370
14839
31551
26139
12954
6744
24099
14755
10930
9287
2799
28591
32374
17787
22289
27723
5337
20458
30776
19385
8484
20877
3338
6233
4421
6499
7702
6093
13930
3512
11017
29529
23503
14247
6180
16272
16340
10206
4077
10029
9043
6305
11557
15679
25392
28946
251
14985
20530
3503
18815
10792
14609
29212
27737
18806
23248
18467
2491
7983
11084
20473
15252
3538
12822
9666
21767
25930
25470
88
13851
14286
12784
19784
1972
30214
18820
19998
29634
5743
10704
6883
11704
19456
4609
11747
24384
4110
29482
23732
19756
877
23771
25203
18608
27352
6134
24401
16591
19090
25534
29006
2068
25934
2353
19013
8834
8781
14488
26409
12237
7878
25948
19598
17867
28298
5147
27755
20261
20456
20219
6430
16978
22222
13374
10672
17606
21298
21271
13147
3686
30384
19132
31817
8512
32117
24509
2975
10617
24155
31636
31418
6534
18005
19069
27576
22175
25358
27528
18747
2417
16589
26348
13161
26388
16284
24222
15928
1596
25513
11554
25832
5299
1260
26274
22225
263
8714
28733
350
27776
23162
8609
31578
31060
21478
9436
13674
18718
3796
2159
5083
16269
28293
14244
21918
23897
30749
19746
27793
18300
3333
29631
11009
20126
9358
18837
27244
2769
18647
31064
3979
24446
23280
32231
3983
31647
25151
17440
23212
10799
27427
7929
20436
1759
14552
16844
7621
27403
20123
13555
13637
9964
5134
30869
12460
23311
6365
18879
21668
1542
15266
15799
3629
6749
14342
10125
4580
12496
24617
31730
132
10938
1349
10061
13485
22737
21390
2572
7652
31249
9564
3896
19676
9974
4491
4429
5363
31982
14626
328
26368
7694
6196
1025
18764
22788
24068
31163
4318
3405
4204
9210
16380
8104
32384
23957
11758
4810
18030
6411
23557
6227
29353
6426
7132
11777
29254
6030
27358
6947
28838
20056
9992
25169
20565
5855
240
31579
19762
5019
20231
27007
2512
6111
9755
479
3101
16886
23328
30258
27969
31602
21039
30649
16585
21441
16079
1652
30469
26881
14708
16535
16046
21269
20037
17976
10700
17657
26914
1354
6615
22610
17126
462
14109
14154
13289
28232
30563
6298
4042
10352
30671
16872
28267
28203
11782
1108
1596
24249
13457
26446
31677
7216
13957
30122
19006
8489
15971
24822
10729
7865
27709
28427
5891
30371
22298
26082
24175
9675
7580
27049
21364
13038
27104
278
4800
30097
27814
13308
30380
18743
5042
30748
8385
215
32626
24637
15483
11917
31712
16767
24398
5008
170
17132
10727
19556
31888
2896
3764
3409
28686
330
24998
787
6972
20900
5430
11219
17138
12256
18598
15446
20783
1299
2953
25973
21692
247
31365
3533
9228
16699
6488
21431
10087
797
3609
27515
3656
4923
8640
11712
29699
28582
10729
27207
14250
20537
16341
21209
2866
2345
26802
4734
32210
31708
4892
25840
1452
2559
3555
16975
19631
16083
23567
29462
17596
8903
2593
8270
18183
27980
26780
13314
17089
2277
20420
7666
16116
7549
20646
20619
13230
5374
30552
2583
32353
19999
642
15922
30090
29054
13341
13181
24465
7406
8059
10646
20720
22802
6280
6983
13720
3371
10319
28925
2448
25902
10944
14204
1248
24090
31152
11986
16045
27784
18721
17801
2981
29059
6340
21537
7070
29083
24252
11454
6777
16949
20389
21277
22605
8485
26581
28876
15554
27263
6625
22939
2490
24745
18019
13390
12599
15029
24827
7060
17017
27886
26260
19261
12902
24497
2281
11687
815
2175
13127
23929
3889
6479
19604
28564
31513
14889
23184
6471
4940
240
27227
1730
6278
7040
25144
30158
16320
24569
8336
26811
26968
14169
3130
1433
21356
5713
31225
30123
19334
30801
2886
22808
9087
4326
27216
8932
28061
10053
1858
28959
17407
20520
15044
13660
7995
31192
29124
16741
69
32395
18038
3117
29075
12529
10905
17158
9086
5898
1789
31508
10220
18234
29762
5890
4396
7071
28898
13555
30753
12194
14450
14524
11683
23500
8228
18000
6946
9180
7313
16507
5772
19222
21685
8148
11633
733
26171
13805
11110
26500
16123
12492
24487
16226
12226
29343
26112
12324
7249
4523
30445
24167
27816
5254
768
11143
9092
16006
7555
1457
15910
121
31327
32320
16726
24982
828
6726
6056
29876
18410
4456
9470
11706
19967
28400
13134
11095
962
18717
7333
18675
23112
701
22124
3301
19165
19198
16875
18150
19366
20354
26123
29381
30596
21681
30304
13149
27962
10323
19302
31173
10707
8798
12299
11462
25150
10252
10350
25746
8252
25905
5607
3762
9852
12236
23623
3649
24579
18908
27745
11352
24274
30069
22473
27849
11715
3858
20955
6928
31157
8749
16895
9094
21992
11277
19244
3288
8106
224
27819
9656
17716
1801
8222
15058
29647
15547
6336
26882
28987
15303
2030
24516
9296
12210
2791
10220
4326
29195
9680
17047
19187
16635
28667
13409
9459
17438
21864
20696
7565
21393
4492
23089
20595
13645
18258
18746
28298
17587
23136
20880
331
14439
28059
30226
32105
31330
10989
16789
26803
17987
14406
30682
5949
486
32224
21181
17338
1080
8648
8110
1837
15946
23706
20837
29633
31396
2955
22994
22260
9947
9133
24659
26363
23398
27247
10282
24418
5549
5987
15150
20724
22627
17221
11456
10458
9750
18488
2305
13063
2564
30546
17475
7123
9009
18267
16061
13541
26038
24786
12418
343
1628
11057
4532
19733
17513
16243
21236
21382
1466
25554
31262
14703
30994
29909
30515
24084
12978
24458
17815
18336
30506
4368
11645
11974
10350
32601
14751
28073
2348
12078
13618
22009
19037
23412
17945
12895
5915
8621
30553
30492
4786
22466
18381
26093
31993
28415
4379
10545
28899
2143
23270
10829
29009
7690
28229
10064
14378
26140
15732
19411
31662
21160
29642
20772
7687
21245
16875
27043
31521
14887
14911
31595
18620
28345
20899
28213
15552
18378
22622
4218
28112
15166
32598
22488
8737
16711
15748
183
141
4394
10661
20780
22499
6983
7218
798
28802
25684
11667
6567
7206
9705
25744
9660
30721
22593
10504
15889
5390
2367
20197
11831
31394
9391
19791
8455
14148
4559
30240
19012
29630
18957
16792
21372
15476
19731
595
4143
29941
5633
5495
15668
10704
30201
25394
20311
13481
30689
17252
5447
26251
12644
6808
12464
11392
9530
17209
10916
25183
6826
5891
10047
18406
3661
11447
31883
19464
8212
7699
12449
8840
8844
27137
8977
22471
12129
18191
25988
22235
25890
31263
1952
5600
12867
1375
23084
23699
20840
17276
28021
22813
23265
17171
20208
30508
3952
30313
18976
11592
16467
2907
12474
13413
30846
32664
28168
23988
19241
17677
27019
31423
27530
2721
31972
2997
29156
32035
245
10242
29120
5248
13891
21795
17786
16698
3230
16313
13056
3605
3589
2780
19927
2580
28868
10673
14943
3747
5343
30527
13911
13846
28851
126
2723
5714
12507
13489
19021
5066
3921
28662
715
24750
9685
5148
16768
31838
16275
9140
4741
18213
28160
4971
23720
32292
25861
17815
16053
13196
25183
25615
20981
5905
9286
3136
30197
8859
13132
381
2440
32574
905
22935
13583
13932
12533
22446
10744
873
23317
26950
31621
22784
25562
31133
29903
28533
5574
3901
4106
28346
30032
26573
29450
2277
16778
1580
5382
6370
26625
26305
29085
6501
28644
19980
27926
2083
8297
25985
19948
2370
26221
6807
28554
24334
15707
29724
4691
2541
8014
20939
27877
9365
16506
18976
25247
20604
6600
6763
865
18064
1728
23844
14482
24617
31404
31358
17256
11324
4346
1854
28771
25809
31971
1486
9243
22711
7242
15757
9532
7542
12775
7274
18383
7557
2724
22193
23995
22205
4679
14628
4235
23822
6994
24910
2161
30065
24103
20500
1163
23837
29552
2701
18534
4350
19902
15636
705
10595
30320
5275
4499
7671
4567
16962
18255
1522
28312
23848
5478
10384
9297
5760
16397
29123
1407
29672
32578
7972
26783
1015
12553
14640
3219
16661
252
11441
7240
5776
10498
6266
5526
15340
12127
9047
5991
23162
17901
28228
23324
12588
11944
30429
23852
10919
18800
32278
30990
6554
12043
18220
31834
3918
32106
17116
29995
127
14637
31442
16327
11371
26729
20836
6018
31272
19112
27008
11999
16442
21041
19171
4857
10853
17034
5772
24097
12736
6204
24433
32201
23307
7638
31600
4001
12098
21044
24712
6655
8818
1025
25161
9092
23756
18043
25481
28157
6648
9078
20569
22663
4780
11940
29752
11511
9340
24083
134
23672
11252
19447
22331
28534
17636
17834
28120
11451
25851
19441
23710
15320
1175
26753
28158
18119
18908
31938
16978
24270
27140
28114
23498
10406
13557
20941
9897
5085
32537
588
20913
8569
23914
14379
2779
32222
26572
5264
29772
29170
30112
15144
25989
28542
2198
25012
19674
15576
22978
30917
17701
959
15603
20931
13243
18310
20032
26164
671
1653
7651
9275
19190
2668
20043
25695
955
11465
22636
27790
2228
4492
27226
9314
3493
7609
5142
24227
20931
11518
13991
23564
10091
19094
26989
27474
9236
29037
18867
19042
3203
6021
26755
11498
20798
2200
19134
3100
12098
21503
12140
9135
18680
20946
4176
16422
19302
849
4287
16980
29602
21122
20147
31776
2189
29980
18972
19078
7357
30372
22134
4318
11451
11734
19104
31073
28015
8518
25324
7913
24280
8007
2419
1016
30465
3340
30891
31484
31024
12557
27707
25553
19808
31916
21517
25224
27633
6425
15781
29543
12703
15219
26546
48
12209
1072
13283
23207
19570
28094
27388
16462
18405
3690
1833
19315
30901
12674
30866
30060
21867
2998
6191
3618
7651
3780
15582
19660
14593
8277
9907
24061
6816
14369
13455
4833
17867
10586
6132
5571
16176
6984
31511
18387
977
30001
19767
11303
22525
16763
10542
1023
639
19476
2630
77
18453
18
17229
11381
15140
18583
27628
30289
13225
30968
14388
30584
883
30
28282
25536
14992
27436
28517
16641
4101
31585
1093
19484
17090
21313
26534
12092
1748
32495
15398
27996
21213
23518
25987
9994
8641
9128
30712
7274
31907
7742
12746
4221
24848
16194
13086
29091
22393
12977
26637
27487
19943
7365
22778
17755
2794
4378
21795
13228
19666
1295
11127
31830
26914
16751
26024
5651
66
5969
14720
9296
6516
23612
9336
29817
15113
29071
25991
24694
21205
23328
18744
14966
736
10532
31743
9707
9822
14671
22221
469
8930
4924
23010
18500
22990
25614
18915
1816
19982
23896
9004
22028
20998
31546
22375
28147
20936
30157
2397
17729
3467
25025
15117
21964
22617
17477
8699
28628
12039
7719
5579
15937
15210
12861
19726
24621
6088
2819
23644
15266
26253
901
11171
28069
4671
22400
21950
31603
18868
32452
9802
10506
3203
22492
10677
6379
23480
26097
919
6431
25292
9708
32582
16760
11476
16091
3749
18201
14840
4502
11068
10552
2343
27554
19854
6947
27145
24917
28326
20353
11061
4923
18420
2267
30885
25273
17751
4955
32358
23024
23931
3027
9108
19172
17509
6144
29062
27102
11340
29713
31558
26383
2219
31075
22852
19317
1940
655
3403
7427
13639
20646
25267
3580
32259
21947
7897
15264
540
2210
5580
16394
28750
9720
30537
7001
23121
611
26602
14350
14253
21019
15002
3765
2768
2474
24140
11464
23646
15344
21485
8912
200
6505
16534
7629
23584
29875
28679
12248
6188
28746
23377
3079
185
14743
2002
14737
31281
29993
21094
562
18032
16450
31452
8145
3028
27541
935
28001
21139
21326
14806
7941
27730
30803
31047
17783
31219
16073
279
8362
942
30171
27740
1454
22371
3254
8983
23509
8494
6360
22372
29972
29245
4491
25332
17835
10718
25772
6333
16136
29916
18609
24304
20969
22284
28651
9516
23490
29475
263
2801
862
1226
30939
19031
18632
16629
22880
15104
19564
4208
18938
331
4474
22714
3328
15818
16267
18199
28280
20727
10119
20961
4130
1826
4038
25631
14009
16558
2933
26457
31861
27261
24892
8106
3284
23209
17693
3606
19866
25973
27040
19742
6422
16003
11309
7058
28072
31303
24761
2471
13952
17339
165
31817
4520
6740
16610
31410
14149
11317
21338
31292
26138
8356
22411
7283
31053
26298
15989
4975
2926
23646
9655
8289
19125
24948
28149
24683
25227
11089
4220
23477
7756
27762
30761
2749
10572
9326
24967
17902
4120
11306
1591
21365
26366
21068
6037
1872
14799
7154
19608
10663
10467
32163
1786
5984
22366
8326
21401
20718
3762
2001
18974
27497
15205
10885
4060
6116
10005
21849
507
13563
5049
26867
19157
7851
7209
18526
26272
12391
32225
3001
23374
11623
12289
19244
10161
836
27545
5665
11747
6850
2340
27312
7397
10988
22354
16730
7558
16999
20235
251
18054
31488
18608
28410
7164
2951
5796
28611
7669
11232
10507
11127
10846
32599
7889
27361
13860
31028
26606
16557
8601
28559
23785
21204
11290
20582
28571
22619
19183
11501
22838
7997
26482
3877
27014
11942
18547
19888
23414
22881
10972
20964
21205
21652
19857
1054
26458
9899
29850
21081
24806
658
10116
1279
2314
25383
12036
22014
13769
31471
5598
32287
29087
19463
12549
11412
25794
31838
29444
7375
25511
14882
3740
16027
18120
17528
11439
9317
28581
27760
14685
11226
7944
8760
3180
5304
142
25232
28909
31197
3939
6269
20508
24741
14413
18242
905
21106
23788
4236
4725
13452
7232
27373
24191
21036
1131
7307
896
19667
4536
19994
28339
26336
7901
18951
28953
23650
10877
15350
20763
15915
5617
1135
8050
806
16712
29908
21316
17386
10380
1943
29071
21646
26183
26793
17355
12479
16198
25142
25035
28177
7069
399
4837
10387
4332
2152
19026
7590
25056
32323
17111
26895
5884
30252
32165
6218
5273
23719
10367
2081
21035
25063
12058
16510
5831
21568
31689
17022
24290
32479
11098
31942
20316
24761
14394
23066
22973
20417
24800
7724
30142
23646
19817
1201
5131
2332
14464
22202
11847
10914
8065
27202
6224
996
15838
16387
30405
29337
22465
13199
32454
16368
6131
29083
25339
27006
1276
10398
4568
30331
20876
10139
10527
11567
3097
24378
17062
15527
29130
31006
32346
11948
26772
31091
28036
13814
25763
7878
17227
11420
15611
29722
28282
22223
13151
18744
132
15816
13169
1350
1478
14079
3356
1947
13067
27550
11823
2770
3157
29749
8010
15901
26843
23727
18430
2268
30798
9349
15920
11375
11616
3889
9406
14408
12679
22758
23910
1092
17918
9086
4579
9531
13838
12212
22616
4054
16011
13971
30450
23968
3745
30510
2761
26720
17873
19602
5640
12199
4918
24569
14670
15525
23053
19264
7252
30784
32628
16283
18895
10088
17778
1160
664
420
22328
25345
19466
5617
27302
20726
15787
29133
6929
28922
21007
16015
24900
14909
16122
18681
19652
23738
6341
10000
25177
13745
17667
28715
17353
26712
100
15179
1255
28366
31705
22442
20940
14160
21752
29591
19045
8623
28067
9600
14126
28929
26340
2897
31548
1431
17180
29693
26497
29488
29533
18265
21324
18284
21524
8241
7695
5252
23787
19606
32357
5175
2029
10357
16979
30472
13291
1646
25806
13222
1567
6882
7294
27308
3856
7502
18370
12938
14005
5080
23028
24515
13277
32040
11758
7514
4815
19577
25037
27014
3885
27632
8181
19117
17694
14636
31061
20624
32171
12318
13548
13764
6762
14363
14475
13665
25690
18223
28381
26878
16911
20405
20134
17116
6415
11300
26440
30817
24187
32044
5771
28872
6898
11778
19357
3096
26034
4856
31576
22098
6912
22096
10692
31471
20939
10066
11485
3209
21644
24476
3222
29913
8560
4794
9245
8417
13753
15350
26721
15722
10337
32369
30674
6065
22529
11123
22375
30302
12274
768
230
32437
18610
25260
9824
31248
26505
22192
20218
3981
8556
16700
12532
17924
9505
3087
27875
25148
28836
6214
3649
30046
30154
24689
29992
12201
29220
236
3419
19304
32294
6765
30342
9249
6024
17113
455
19984
10989
30812
10348
16851
24771
19128
24575
28775
12650
11997
28544
21331
1176
12475
10737
19747
24572
30548
12824
28184
26913
20245
11136
28958
16022
11878
31937
1278
27724
26752
1793
13781
32575
638
30395
2757
31832
24247
4543
11242
16018
12876
9850
9360
93
30973
120
5539
5184
23361
1575
27750
4289
14997
25566
29032
29577
22548
26653
17333
32708
18760
29975
5193
23495
12096
11117
13770
12789
25570
12861
21622
22755
4483
16475
27226
18106
26805
19166
17348
21469
26720
31967
10236
4300
27669
23677
